B-DOS,0.968,0.968,0.968,190
O-DOS,1.000,1.000,1.000,5
B-DUR,0.875,0.667,0.757,21
I-DUR,1.000,1.000,1.000,3
O-DUR,0.882,0.833,0.857,18
B-FREQ,0.986,0.887,0.934,80
I-FREQ,0.947,1.000,0.973,18
O-FREQ,0.963,0.867,0.912,60
B-UNIT,0.981,0.987,0.984,155
I-UNIT,1.000,1.000,1.000,2
O-UNIT,1.000,1.000,1.000,15
B-WHO,0.893,0.893,0.893,56
I-WHO,0.940,0.966,0.953,177
O-WHO,0.894,0.913,0.903,46
avg/total,0.953,0.940,0.946,846

B-DOS,0.983,0.972,0.977,176
O-DOS,0.000,0.000,0.000,0
B-DUR,0.950,0.905,0.927,21
I-DUR,1.000,0.750,0.857,4
O-DUR,1.000,0.900,0.947,20
B-FREQ,1.000,1.000,1.000,63
I-FREQ,1.000,1.000,1.000,27
O-FREQ,1.000,1.000,1.000,47
B-UNIT,0.986,0.973,0.980,150
I-UNIT,1.000,1.000,1.000,2
O-UNIT,1.000,0.933,0.966,15
B-WHO,0.900,0.882,0.891,51
I-WHO,0.917,0.868,0.892,152
O-WHO,0.814,0.833,0.824,42
avg/total,0.959,0.938,0.948,770

B-DOS,0.975,0.971,0.973,204
O-DOS,1.000,1.000,1.000,2
B-DUR,0.952,0.800,0.870,25
I-DUR,1.000,0.500,0.667,2
O-DUR,1.000,0.955,0.977,22
B-FREQ,1.000,1.000,1.000,76
I-FREQ,1.000,1.000,1.000,19
O-FREQ,1.000,1.000,1.000,57
B-UNIT,0.982,0.971,0.976,170
I-UNIT,1.000,1.000,1.000,1
O-UNIT,1.000,0.727,0.842,11
B-WHO,0.952,0.908,0.929,65
I-WHO,0.919,0.880,0.899,233
O-WHO,0.878,0.827,0.851,52
avg/total,0.960,0.932,0.945,939

B-DOS,0.977,0.968,0.972,218
O-DOS,1.000,1.000,1.000,1
B-DUR,0.944,0.810,0.872,21
I-DUR,1.000,0.600,0.750,5
O-DUR,0.957,0.917,0.936,24
B-FREQ,0.973,0.986,0.979,72
I-FREQ,1.000,0.957,0.978,23
O-FREQ,0.983,1.000,0.991,58
B-UNIT,0.983,0.973,0.978,182
I-UNIT,1.000,1.000,1.000,1
O-UNIT,1.000,1.000,1.000,13
B-WHO,0.945,0.981,0.963,53
I-WHO,1.000,0.936,0.967,173
O-WHO,0.933,0.933,0.933,45
avg/total,0.978,0.958,0.968,889

B-DOS,0.956,0.977,0.966,177
O-DOS,1.000,0.750,0.857,4
B-DUR,0.864,0.826,0.844,23
I-DUR,1.000,0.667,0.800,3
O-DUR,0.957,0.880,0.917,25
B-FREQ,1.000,1.000,1.000,68
I-FREQ,1.000,1.000,1.000,20
O-FREQ,1.000,1.000,1.000,54
B-UNIT,0.968,0.987,0.977,153
I-UNIT,1.000,0.500,0.667,2
O-UNIT,1.000,0.933,0.966,15
B-WHO,0.952,0.952,0.952,63
I-WHO,0.989,0.845,0.911,206
O-WHO,0.857,0.808,0.832,52
avg/total,0.966,0.928,0.945,865

B-DOS,0.979,0.955,0.967,627
O-DOS,1.000,0.933,0.966,30
B-DUR,0.558,0.784,0.652,37
I-DUR,1.000,0.167,0.286,12
O-DUR,0.532,0.962,0.685,26
B-FREQ,0.955,0.894,0.924,406
I-FREQ,0.914,0.955,0.934,134
O-FREQ,0.973,0.900,0.935,320
B-UNIT,0.978,0.961,0.970,513
I-UNIT,1.000,0.143,0.250,7
O-UNIT,0.930,0.784,0.851,51
B-WHO,0.815,0.871,0.842,101
I-WHO,0.658,0.945,0.776,183
O-WHO,0.574,0.738,0.646,42
avg/total,0.922,0.919,0.915,2489

